array([[4, list([373])],
       [8, list([112236, 112237])],
       [49, list([112236, 112237])],
       [60, list([111221, 111222, 111231, 111232, 111233, 111234])],
       [79,
        list([85973, 85974, 85975, 85986, 103348, 103352, 103353, 103355, 108486])],
       [107, list([14080, 14088, 14106, 14108, 14117])],
       [157, list([93990, 93992, 93995, 94010, 94011])],
       [172, list([355, 375, 376, 377])],
       [187, list([112019, 112068, 112069, 112091, 112092])],
       [255,
        list([109558, 109619, 109620, 109623, 109628, 109629, 109632, 109639, 109641, 109649])],
       [299,
        list([107169, 107170, 107184, 107185, 107186, 107206, 107207, 107232, 107233])],
       [354, list([112352, 112358, 112359, 112360, 112362])],
       [415, list([355, 375, 376, 377])],
       [425, list([20457, 21207, 21225, 21226, 21236, 21237, 21238])],
       [428,
        list([109261, 109262, 109263, 109264, 109265, 109268, 109269, 109270, 109272])],
       [448, list([111497, 111498, 111499, 111501, 111502, 111503])],
       [466, list([112236, 112237, 112242])],
       [476, list([355, 373, 374, 375, 376, 377])],
       [527, list([93990, 93992, 93995, 94010, 94011])],
       [607, list([111942, 111943])],
       [609, list([97069])],
       [618,
        list([111951, 111952, 111954, 111957, 111960, 111961, 111964, 111965, 111969])],
       [702, list([63192, 63199, 63200, 63218, 63220])],
       [705, list([112236, 112237])],
       [709, list([23368, 23370])],
       [805, list([373, 374, 375])],
       [806, list([63192, 63199, 63200, 63218, 63220])],
       [819,
        list([84333, 84334, 84341, 84343, 84353, 84364, 107820, 107821])],
       [822,
        list([107432, 107433, 107436, 107437, 107440, 107443, 107444])],
       [859,
        list([107091, 107100, 107101, 107102, 107108, 107110, 107113, 107118, 107120])],
       [910, list([355, 373, 374, 375, 376, 377])],
       [1046, list([63192, 63199, 63200, 63218, 63220])],
       [1079,
        list([100210, 100303, 100324, 100649, 100661, 100664, 101200, 101211, 101212])],
       [1099,
        list([97841, 97850, 106484, 106485, 106497, 106508, 106510])],
       [1110, list([75632, 76208])],
       [1123, list([109065, 109118])],
       [1189, list([112236, 112237])],
       [1211, list([107129, 107157])],
       [1261, list([343, 344, 345, 346, 355])],
       [1275, list([63192, 63199, 63200, 63218, 63220])],
       [1295, list([111976, 111980, 111983, 111984])],
       [1342, list([82750, 82751, 82810])],
       [1345, list([112236, 112237])],
       [1361, list([302, 303, 323, 324, 329, 330, 331, 332, 333, 334])],
       [1451,
        list([46201, 46210, 82298, 82315, 82322, 82336, 82337, 82338, 82339, 82340])],
       [1467,
        list([63040, 63042, 63044, 63835, 63836, 64176, 64177, 64195, 64196])],
       [1469, list([109352, 109359, 109360])],
       [1487, list([112236, 112237, 112242])],
       [1523, list([111948, 111951, 111952, 111953])],
       [1540, list([112236, 112237, 112242])],
       [1615,
        list([101458, 101488, 101490, 110118, 110119, 110121, 110123, 110131, 110135, 110137])],
       [1715, list([346, 355])],
       [1732, list([112236, 112237, 112242])],
       [1745, list([98824, 98836, 98864, 98871])],
       [1781, list([355, 373, 374, 375, 376, 377])],
       [1797,
        list([108547, 108549, 108576, 108577, 108578, 111828, 111829])],
       [1802, list([112236, 112237, 112242])],
       [1850, list([23512, 23513, 82624, 82626, 82629])],
       [1926, list([112236, 112237, 112242])],
       [1935, list([63192, 63199, 63200, 63218, 63220])],
       [1941, list([361, 362, 363, 368, 369, 370, 371, 372, 373])],
       [1980, list([6413])],
       [2055,
        list([54822, 54824, 54875, 54877, 54882, 54922, 54923, 54948, 54949, 54954])],
       [2070, list([111763, 112012, 112014])],
       [2135, list([99292, 99293, 99311, 99339, 99340, 99384, 99385])],
       [2136,
        list([73020, 73021, 73022, 73024, 73042, 73078, 73079, 73093, 73095])],
       [2160,
        list([108017, 108018, 108019, 108028, 108029, 108030, 109052, 109053, 109091])],
       [2163,
        list([86159, 86160, 86172, 86173, 86174, 91882, 91895, 91896])],
       [2222, list([63192, 63199, 63200, 63218, 63220])],
       [2225, list([112236, 112237, 112242])],
       [2227, list([63192, 63199, 63200, 63218, 63220])],
       [2244, list([88808, 88819, 88830, 88834])],
       [2343, list([93990, 93992, 93995, 94010, 94011])],
       [2368, list([65181, 65199, 65201, 66268, 66269])],
       [2403, list([112236, 112237])],
       [2404, list([112019, 112020])],
       [2448, list([343, 344, 345, 346])],
       [2458,
        list([54978, 54979, 55003, 55004, 55005, 106175, 106176, 106177])],
       [2567, list([15310])],
       [2590, list([225, 226, 227, 228, 259, 260, 281, 283, 340])],
       [2621, list([112236, 112237, 112242])],
       [2724, list([56378, 56380])],
       [2771, list([112236, 112237])],
       [2773, list([112236, 112237])],
       [2826, list([97553, 97554, 97561, 97575, 97576, 97584, 97586])],
       [2851, list([63280, 63281, 63296, 63297])],
       [2900, list([63192, 63199, 63200, 63218, 63220])],
       [2995, list([89851, 89852, 89863, 89864])],
       [3022, list([112236, 112237, 112242])],
       [3025, list([112251])],
       [3050, list([68446])],
       [3056, list([112236, 112237])],
       [3087,
        list([111683, 111725, 111729, 111847, 111861, 111880, 111881, 111882])],
       [3175,
        list([112114, 112115, 112124, 112125, 112126, 112127, 112136])],
       [3261, list([15628, 15645, 15646, 15654, 15655, 79831])],
       [3281, list([65290, 66532, 66534, 66547, 66548, 66564])],
       [3285, list([63192, 63199, 63200, 63218, 63220])],
       [3288, list([63192, 63199, 63200, 63218, 63220])],
       [3312, list([33723, 89499, 89500, 89501, 89597])],
       [3352, list([112236, 112237])],
       [3364,
        list([111582, 111595, 111596, 112299, 112303, 112304, 112305, 112307, 112308, 112313])],
       [3382,
        list([106613, 106641, 106642, 106651, 106652, 106653, 111735, 111737, 111739, 111746])],
       [3388, list([112328, 112329, 112330])],
       [3389, list([59398])],
       [3443, list([60925, 60938, 60944, 60945])],
       [3508, list([343])],
       [3638, list([109678, 109684])],
       [3668, list([93990, 93992, 93995, 94010, 94011])],
       [3672, list([112236, 112237])],
       [3676,
        list([54978, 54979, 55003, 55004, 55005, 106175, 106176, 106177])],
       [3787, list([91775, 91776, 91809, 91810, 91812])],
       [3824, list([93990, 93992, 93995, 94010, 94011])],
       [3828, list([26223, 86451])],
       [3894, list([93990, 93992, 93995, 94010, 94011])],
       [3896, list([112236, 112237, 112242])],
       [3913,
        list([56434, 56435, 56448, 90519, 90521, 90534, 90535, 106992, 106993])],
       [3949, list([89601, 89602])],
       [4016,
        list([92831, 92833, 93158, 93160, 93165, 107786, 107787, 107801])],
       [4151,
        list([95951, 95952, 95967, 95969, 95979, 95980, 96001, 96030, 96031, 96032])],
       [4201, list([346, 355])],
       [4293, list([55003, 55606, 55636, 106176, 106177])],
       [4323, list([44571, 44585, 44587, 94334, 94339, 94340])],
       [4352, list([343, 344, 345, 346, 355])],
       [4381,
        list([106613, 106641, 106642, 106651, 106652, 106653, 111735, 111737, 111739, 111746])],
       [4485, list([112271, 112272, 112273, 112274, 112276, 112277])],
       [4522, list([112236, 112237, 112242])],
       [4533, list([108758])],
       [4542, list([102567, 102572, 102573, 102586])],
       [4556, list([108442, 108443])],
       [4580,
        list([54978, 54979, 55003, 55004, 55005, 106175, 106176, 106177])],
       [4598,
        list([108581, 108582, 111820, 111821, 111831, 111832, 111838, 111840])],
       [4627, list([93990, 93992, 93995, 94010, 94011])],
       [4631, list([63192, 63199, 63200, 63218, 63220])],
       [4654,
        list([111683, 111725, 111729, 111847, 111861, 111880, 111881, 111882])],
       [4776, list([83336, 83360, 83362, 83415, 83419, 83423, 83424])],
       [4843,
        list([62269, 62293, 62303, 62475, 63014, 63237, 63239, 63252])],
       [4901, list([109276, 109654])],
       [4921, list([93990, 93992, 93995, 94010, 94011])],
       [4980, list([112236, 112237])],
       [5010, list([63192, 63199, 63200, 63218, 63220])],
       [5055, list([112236, 112237])],
       [5081, list([8210, 8230, 8245, 10219, 10220])],
       [5105, list([63192, 63199, 63200, 63218, 63220])],
       [5191, list([93990, 93992, 93995, 94010, 94011])],
       [5234, list([63192, 63199, 63200, 63218, 63220])],
       [5250, list([109952, 109953, 109963, 112066])],
       [5258, list([111049, 111050, 111074, 111075])],
       [5310, list([94297, 94299, 94301])],
       [5333, list([99336, 99338, 99378, 99446, 99450, 99478, 99479])],
       [5344,
        list([111683, 111725, 111729, 111847, 111861, 111880, 111881, 111882])],
       [5347, list([90643, 90708])],
       [5358, list([83336, 83360, 83362, 83415, 83419, 83423, 83424])],
       [5403, list([367, 368])],
       [5451, list([73299, 73300, 73310, 73312, 73320, 73322])],
       [5534, list([112236, 112237])],
       [5711, list([63192, 63199, 63200, 63218, 63220])],
       [5727, list([112236, 112237, 112242])],
       [5729, list([111421, 111422, 111427, 111433, 111434, 111436])],
       [5742,
        list([36089, 36090, 91222, 91223, 91322, 91323, 91485, 91495, 91503, 91507])],
       [5874, list([355, 373, 374, 375, 376, 377])],
       [5896,
        list([43, 77, 110974, 110975, 110979, 110980, 110981, 110982, 110983])],
       [5932, list([103626])],
       [5955, list([19317, 19318, 19322, 19327, 19328, 19334, 65267])],
       [5963, list([112236, 112237, 112242])],
       [5991,
        list([63464, 63465, 63492, 109759, 109763, 109769, 109771])],
       [5992, list([112236, 112237, 112242])],
       [6026, list([63192, 63199, 63200, 63218, 63220])],
       [6112, list([71877, 71878])],
       [6128, list([93990, 93992, 93995, 94010, 94011])],
       [6178, list([55064, 55065])],
       [6229, list([112236, 112237, 112242])],
       [6230,
        list([63144, 63161, 63162, 63170, 63171, 63181, 63182, 63190, 63213, 63215])],
       [6248,
        list([111003, 111004, 111017, 111061, 111062, 111063, 111073])],
       [6253, list([368, 369, 370, 371, 372, 373])],
       [6304, list([111976, 111980, 111983, 111984])],
       [6305,
        list([105968, 105969, 109405, 109406, 111736, 111738, 111744, 112011])],
       [6394,
        list([108547, 108549, 108576, 108577, 108578, 111828, 111829])],
       [6430, list([110153, 110154])],
       [6437, list([63192, 63199, 63200, 63218, 63220])],
       [6438, list([76343])],
       [6458, list([105510])],
       [6512, list([111948, 111951, 111952, 111953])],
       [6531, list([355, 373, 374, 375, 376, 377])],
       [6551, list([63192, 63199, 63200, 63218, 63220])],
       [6580, list([53914, 53916, 53980, 53998])],
       [6613,
        list([111582, 111595, 111596, 112299, 112303, 112304, 112305, 112307, 112308, 112313])],
       [6644, list([62556, 62557, 62558, 62559])],
       [6678,
        list([99952, 99953, 99955, 99959, 109831, 109832, 109833, 109843, 109844, 109845])],
       [6756, list([112236, 112237, 112242])],
       [6765, list([112236, 112237, 112242])],
       [6771, list([63192, 63199, 63200, 63218, 63220])],
       [6798, list([106073, 106074, 112109, 112110, 112118, 112119])],
       [6821, list([343, 344, 345, 346, 355])],
       [6826, list([112236, 112237, 112242])],
       [6858, list([373])],
       [6907,
        list([111921, 111922, 111932, 111933, 111934, 111935, 111936, 111938])],
       [6991, list([97069])],
       [7027, list([53989, 53990, 53996, 105687, 105688])],
       [7061, list([343, 344, 345, 346, 355])],
       [7073, list([95164, 95180, 95182, 106161, 106162])],
       [7077, list([105563, 105565, 105584, 105585, 105645])],
       [7080, list([55003, 55606, 55636, 106176, 106177])],
       [7094, list([112236, 112237])],
       [7097,
        list([105492, 105493, 105917, 111395, 111398, 111616, 111617])],
       [7119, list([63192, 63199, 63200, 63218, 63220])],
       [7144, list([40456, 40459, 40463, 43771, 43772])],
       [7179, list([63192, 63199, 63200, 63218, 63220])],
       [7213,
        list([110081, 110102, 110104, 110136, 110138, 110139, 110141, 110143, 110156, 110158])],
       [7222, list([343, 344, 345, 346, 355])],
       [7247, list([63192, 63199, 63200, 63218, 63220])],
       [7270, list([96779, 96780, 96781, 96801])],
       [7334, list([93990, 93992, 93995, 94010, 94011])],
       [7351,
        list([111501, 111515, 111517, 111518, 111520, 111521, 111557, 111558, 111559, 111560])],
       [7396,
        list([84120, 84121, 84133, 84134, 84135, 84158, 84159, 84188, 84190])],
       [7398, list([63192, 63199, 63200, 63218, 63220])],
       [7399,
        list([111707, 111725, 111727, 111745, 111746, 111749, 111750])],
       [7403, list([63192, 63199, 63200, 63218, 63220])],
       [7432, list([107966])],
       [7521, list([55957, 55958, 55973, 55974, 55994, 55995])],
       [7610, list([112236, 112237])],
       [7612, list([112364])],
       [7621, list([76091, 76098, 76099])],
       [7648, list([63192, 63199, 63200, 63218, 63220])],
       [7672, list([93990, 93992, 93995, 94010, 94011])],
       [7693, list([110501, 110502, 110536])],
       [7761,
        list([107091, 107100, 107101, 107102, 107108, 107110, 107113, 107118, 107120])],
       [7794,
        list([109448, 109474, 109480, 109496, 111966, 111967, 111975])],
       [7855, list([63192, 63199, 63200, 63218, 63220])],
       [7863, list([63192, 63199, 63200, 63218, 63220])],
       [7890,
        list([60216, 60218, 60219, 60220, 60323, 60324, 76215, 76221, 76223, 76224])],
       [7972, list([8775, 8777, 62589, 62590, 62594, 63087, 63088])],
       [7986,
        list([80947, 80952, 80953, 80955, 80956, 80963, 80964, 91769, 91779, 91780])],
       [8023, list([112236, 112237])],
       [8043, list([96849, 96861, 96903, 96906])],
       [8068, list([111511, 111512, 111516])],
       [8196, list([94662, 94668, 94670, 94691])],
       [8228, list([112287, 112288])],
       [8241, list([112236, 112237, 112242])],
       [8270, list([112236, 112237])],
       [8280, list([102075, 102076, 102080, 104948, 104949])],
       [8293, list([112236, 112237, 112242])],
       [8316, list([60190])],
       [8325, list([110027, 110028, 110029])],
       [8349,
        list([66054, 66055, 66063, 66064, 66071, 66072, 66076, 66077, 66086, 66099])],
       [8355, list([63192, 63199, 63200, 63218, 63220])],
       [8453, list([56378, 56380])],
       [8496, list([112236, 112237, 112242])],
       [8504, list([343, 344, 345, 346, 355])],
       [8511,
        list([54978, 54979, 55003, 55004, 55005, 106175, 106176, 106177])],
       [8533, list([140, 221, 222])],
       [8543, list([70516, 70517])],
       [8630, list([93990, 93992, 93995, 94010, 94011])],
       [8644, list([669, 54603, 54604, 54605, 54606, 54607, 54608])],
       [8711, list([369, 370, 371, 372, 373])],
       [8761,
        list([111742, 111744, 111771, 111773, 111775, 111776, 111777, 111778, 111779])],
       [8774,
        list([66645, 66646, 66647, 66652, 66659, 66661, 66662, 66663, 66664, 66665])],
       [8786, list([105861, 105863, 105868, 105897, 105899])],
       [8820, list([106259, 110124])],
       [8831, list([111948, 111951, 111952, 111953])],
       [8871, list([112236, 112237, 112242])],
       [8872,
        list([53183, 53184, 53192, 53193, 53200, 53202, 53207, 53208, 53226])],
       [8976, list([97910, 97912, 97936])],
       [9004,
        list([109092, 109116, 109117, 109118, 109132, 109133, 109137, 109138, 109139])],
       [9018, list([98956, 98958])],
       [9037, list([93990, 93992, 93995, 94010, 94011])],
       [9088, list([112115, 112116, 112117])],
       [9097, list([63192, 63199, 63200, 63218, 63220])],
       [9142,
        list([54978, 54979, 55003, 55004, 55005, 106175, 106176, 106177])],
       [9183, list([346, 355])],
       [9193, list([63192, 63199, 63200, 63218, 63220])],
       [9198, list([355, 375, 376, 377])],
       [9241, list([76091, 76098, 76099])],
       [9251,
        list([106285, 106307, 106308, 106318, 106320, 106329, 106331])],
       [9332,
        list([21896, 21897, 21898, 21911, 21914, 21935, 21936, 21937, 81698, 81699, 81700, 81723, 81724])],
       [9356,
        list([105584, 105585, 105645, 105646, 105666, 105667, 105698, 105699, 105701])],
       [9369,
        list([109993, 109994, 110021, 110025, 110026, 110036, 110038, 110041, 110049, 110056])],
       [9415, list([63192, 63199, 63200, 63218, 63220])],
       [9433, list([112236, 112237])],
       [9453,
        list([53940, 53960, 53961, 54166, 54168, 54172, 54173, 54180, 54208, 54209])],
       [9545, list([83875, 86468, 86474])],
       [9609, list([112236, 112237])],
       [9624, list([112032, 112080, 112081])],
       [9625, list([112236, 112237])],
       [9662, list([112236, 112237, 112242])],
       [9696, list([93990, 93992, 93995, 94010, 94011])],
       [9734, list([368, 369, 370, 371, 372, 373])],
       [9811,
        list([109381, 109382, 109385, 109386, 111941, 111942, 111944, 111945])],
       [9833, list([63192, 63199, 63200, 63218, 63220])],
       [9837, list([343])],
       [9870, list([5033])],
       [9877, list([108879])],
       [9884, list([343, 344, 345, 346, 355])],
       [9956, list([57100])],
       [9959, list([108383])],
       [9988, list([85797, 85798, 85799, 107871])],
       [10122,
        list([57470, 57471, 57477, 57478, 57526, 58385, 58387, 58435])],
       [10162, list([85423, 85428, 85430, 85455, 85456])],
       [10226, list([112236, 112237])],
       [10245,
        list([107150, 107151, 107158, 107159, 107164, 107165, 107169, 107170])],
       [10274, list([106073, 106074, 112109, 112110, 112118, 112119])],
       [10302, list([373])],
       [10312,
        list([109558, 109619, 109620, 109623, 109628, 109629, 109632, 109639, 109641, 109649])],
       [10338, list([83458, 83485, 83513, 83626, 83643])],
       [10369, list([112236, 112237])],
       [10427, list([112236, 112237])],
       [10516, list([56378, 56380])],
       [10521, list([346, 355])],
       [10534, list([56378, 56380])],
       [10535, list([343, 344, 345, 346, 355])],
       [10548, list([112236, 112237, 112242])],
       [10572, list([111976, 111980, 111983, 111984])],
       [10574, list([93990, 93992, 93995, 94010, 94011])],
       [10580, list([112236, 112237, 112242])],
       [10592, list([89872, 89874])],
       [10672, list([368, 369, 370, 371, 372, 373])],
       [10677, list([109276, 109654])],
       [10766, list([112236, 112237])],
       [10784, list([111861, 111869])],
       [10959,
        list([95395, 95430, 95431, 95461, 95462, 95473, 95474, 109247, 109252])],
       [11044, list([63192, 63199, 63200, 63218, 63220])],
       [11070, list([63192, 63199, 63200, 63218, 63220])],
       [11126, list([109276, 109654])],
       [11159, list([54919, 54931])],
       [11192, list([112236, 112237])],
       [11215, list([355, 373, 374, 375, 376, 377])],
       [11229, list([92815, 92869, 92871])],
       [11332, list([63192, 63199, 63200, 63218, 63220])],
       [11358, list([111813, 111814])],
       [11395, list([89328, 89330, 89342])],
       [11414, list([108042, 108046, 108047, 108048, 108057, 108059])],
       [11434, list([56378, 56380])],
       [11471, list([93990, 93992, 93995, 94010, 94011])],
       [11486,
        list([88244, 88254, 107476, 108012, 108013, 108014, 108015, 108016])],
       [11536, list([2976, 4510, 4514, 4519, 4520, 4574, 61697])],
       [11537, list([105637])],
       [11583, list([93990, 93992, 93995, 94010, 94011])],
       [11586,
        list([106246, 106259, 106282, 106284, 106306, 106321, 106323, 106336, 106400])],
       [11611, list([47550])],
       [11641, list([10446, 10447, 10465, 10466, 10472, 10473])],
       [11673, list([112224, 112261, 112262, 112263])],
       [11699, list([93990, 93992, 93995, 94010, 94011])],
       [11716, list([110488, 110489, 110490, 110501, 110502])],
       [11777, list([112236, 112237])],
       [11833, list([373, 374, 375])],
       [11929, list([283, 340, 341, 342, 343])],
       [11932, list([65773, 65775])],
       [12015, list([112236, 112237, 112242])],
       [12076, list([111824, 111826, 112367])],
       [12136, list([12992, 63877, 63905, 63907, 63908, 63912])],
       [12143,
        list([57105, 57106, 57117, 57118, 57121, 57122, 57123, 57130, 57131, 57132])],
       [12156, list([109578, 109579, 109585, 109590, 109593])],
       [12242, list([94927, 94929])],
       [12244, list([76091, 76098, 76099])],
       [12281, list([93990, 93992, 93995, 94010, 94011])],
       [12295, list([87047, 87048, 87053, 108174, 108175, 108246])],
       [12301, list([63192, 63199, 63200, 63218, 63220])],
       [12406, list([112236, 112237])],
       [12434, list([111064, 111065, 111076, 111077])],
       [12544, list([106421, 112352, 112355, 112358])],
       [12578, list([93990, 93992, 93995, 94010, 94011])],
       [12590, list([112236, 112237, 112242])],
       [12657, list([109403, 109413])],
       [12741, list([343, 344, 345, 346, 355])],
       [12775, list([97553, 97554, 97561, 97575, 97576, 97584, 97586])],
       [12776, list([39974, 39978, 40013, 40014, 40065])],
       [12791,
        list([108017, 108018, 108019, 108028, 108029, 108030, 109052, 109053, 109091])],
       [12808, list([104176, 104177, 104181, 104191, 104192, 104198])],
       [12847, list([89872, 89874])],
       [12883,
        list([57566, 57568, 57607, 67042, 67043, 67063, 67064, 67074, 67075, 67095])],
       [12886, list([112236, 112237, 112242])],
       [12891, list([69309, 69310, 69312, 69313])],
       [12999, list([107568, 107569, 107582, 107583, 107602, 111756])],
       [13045, list([20808, 20809, 68058, 68064])],
       [13130, list([102215, 102221, 102227, 102231])],
       [13228,
        list([56965, 56969, 56974, 56975, 56996, 56997, 57005, 57168, 57170])],
       [13245, list([111878, 111879, 111894, 111895])],
       [13256,
        list([84333, 84334, 84341, 84343, 84353, 84364, 107820, 107821])],
       [13285,
        list([108581, 108582, 111838, 111840, 111849, 111850, 111865, 111866])],
       [13299, list([112236, 112237, 112242])],
       [13324, list([93990, 93992, 93995, 94010, 94011])],
       [13341,
        list([111842, 111851, 111853, 111854, 111855, 111856, 111871])],
       [13349, list([93990, 93992, 93995, 94010, 94011])],
       [13376,
        list([109188, 109192, 109193, 109207, 109208, 111990, 111991, 111992, 111993])],
       [13425, list([66685, 66686])],
       [13471, list([111948, 111951, 111952, 111953])],
       [13487, list([105563, 105565, 105584, 105585, 105645])],
       [13553, list([79506, 79508])],
       [13564, list([56378, 56380])],
       [13580,
        list([101908, 101909, 101913, 101914, 101920, 101950, 101951, 101956, 101961, 101962])],
       [13645,
        list([34736, 34737, 35143, 35150, 75304, 75312, 75354, 75355, 75356])],
       [13667, list([112236, 112237])],
       [13755, list([93990, 93992, 93995, 94010, 94011])],
       [13816, list([112075, 112077, 112079, 112084, 112085])],
       [13910, list([66857, 66858, 66869])],
       [13932, list([349, 350, 351, 352, 353, 364, 365, 373])],
       [13946, list([55003, 55606, 55636, 106176, 106177])],
       [13953,
        list([89522, 89549, 89550, 89551, 89566, 89575, 89576, 89577])],
       [13957,
        list([87908, 87910, 87922, 87924, 87960, 88010, 88011, 88049, 88051])],
       [14018, list([63192, 63199, 63200, 63218, 63220])],
       [14037, list([112236, 112237, 112242])],
       [14066,
        list([108017, 108018, 108019, 108028, 108029, 108030, 109052, 109053, 109091])],
       [14072, list([63192, 63199, 63200, 63218, 63220])],
       [14081, list([63192, 63199, 63200, 63218, 63220])],
       [14104, list([112236, 112237, 112242])],
       [14106, list([61441, 61443, 61446, 61527, 61559, 61560])],
       [14126,
        list([108148, 108149, 108154, 108155, 108166, 108167, 108188, 108189])],
       [14131, list([93990, 93992, 93995, 94010, 94011])],
       [14149, list([105563, 105565, 105584, 105585, 105645])],
       [14167, list([355, 375, 376, 377])],
       [14177, list([112236, 112237, 112242])],
       [14185, list([96011, 96012, 96376, 96378])],
       [14208,
        list([108017, 108018, 108019, 108028, 108029, 108030, 109052, 109053, 109091])],
       [14231, list([346, 355])],
       [14266, list([93990, 93992, 93995, 94010, 94011])],
       [14277, list([93990, 93992, 93995, 94010, 94011])],
       [14359, list([43708, 43709, 93951, 93953])],
       [14399, list([63192, 63199, 63200, 63218, 63220])],
       [14497, list([56896, 56898, 56900])],
       [14523,
        list([108017, 108018, 108019, 108028, 108029, 108030, 109052, 109053, 109091])],
       [14616, list([93990, 93992, 93995, 94010, 94011])],
       [14621,
        list([108017, 108018, 108019, 108028, 108029, 108030, 109052, 109053, 109091])],
       [14640, list([79946, 79948, 79952])],
       [14642, list([24881, 25751, 25753])],
       [14643, list([60925, 60938, 60944, 60945])],
       [14666, list([343, 344, 345, 346, 355])],
       [14668, list([1, 12, 13, 112236, 112237])],
       [14722, list([73147, 107653, 107671, 107672, 107698])],
       [14771, list([112236, 112237])],
       [14779, list([81181, 81228, 81229])],
       [14784,
        list([110195, 110196, 110819, 110821, 110823, 112154, 112180, 112181])],
       [14799, list([93990, 93992, 93995, 94010, 94011])],
       [14801, list([112236, 112237, 112242])],
       [14852, list([112236, 112237, 112242])],
       [14865, list([101488, 101496, 101497])],
       [14891, list([112236, 112237, 112242])],
       [14914, list([349, 350, 351, 352, 353, 364, 365, 373])],
       [14962, list([112236, 112237])],
       [14990, list([346, 355])],
       [15045, list([93990, 93992, 93995, 94010, 94011])],
       [15077,
        list([112210, 112211, 112215, 112216, 112217, 112218, 112219, 112220, 112221])],
       [15106,
        list([84841, 84842, 84843, 84861, 84863, 107850, 107882, 107883, 107884, 107888])],
       [15120, list([63192, 63199, 63200, 63218, 63220])],
       [15145, list([93990, 93992, 93995, 94010, 94011])],
       [15190, list([112236, 112237])],
       [15202, list([59215, 59217, 59293, 59294, 59295])],
       [15217, list([111929, 111931, 112020, 112021, 112024])],
       [15351, list([112236, 112237, 112242])],
       [15407, list([112236, 112237, 112242])],
       [15431, list([93990, 93992, 93995, 94010, 94011])],
       [15491, list([105563, 105565, 105584, 105585, 105645])],
       [15497, list([355, 373, 374, 375, 376, 377])],
       [15537, list([63192, 63199, 63200, 63218, 63220])],
       [15544, list([327, 366, 367, 368, 369, 370, 371, 372, 373])],
       [15562,
        list([109280, 111921, 111922, 111923, 111924, 111925, 111926, 111927, 111928])],
       [15576, list([93990, 93992, 93995, 94010, 94011])],
       [15628,
        list([90893, 90895, 90927, 90928, 90929, 90977, 91000, 91001])],
       [15633, list([112236, 112237, 112242])],
       [15648, list([111948, 111951, 111952, 111953])],
       [15670,
        list([107038, 107051, 107053, 107068, 107069, 111802, 111803])],
       [15683, list([111895, 111912, 111913])],
       [15759, list([41961, 41962, 41978, 104593, 104602])],
       [15763, list([93990, 93992, 93995, 94010, 94011])],
       [15765, list([63192, 63199, 63200, 63218, 63220])],
       [15784, list([110190, 110191, 110195, 112345, 112346])],
       [15794, list([112236, 112237, 112242])],
       [15823, list([93990, 93992, 93995, 94010, 94011])],
       [15837, list([112236, 112237])],
       [15931,
        list([108547, 108549, 108576, 108577, 108578, 111828, 111829])],
       [15962,
        list([71607, 71645, 71646, 72417, 72447, 72449, 72561, 72562, 72578])],
       [16046,
        list([111683, 111725, 111729, 111847, 111861, 111880, 111881, 111882])],
       [16049, list([109397, 109399, 109403, 109404])],
       [16092,
        list([108581, 108582, 111838, 111840, 111849, 111850, 111865, 111866])],
       [16106, list([93990, 93992, 93995, 94010, 94011])],
       [16120, list([373])],
       [16135, list([111523, 111561, 111564, 111565])],
       [16269, list([13703, 13718, 13719, 78644, 78645, 78646, 78647])],
       [16288, list([52246, 52252, 52254])],
       [16297, list([98824, 98836, 98864, 98871])],
       [16329, list([63192, 63199, 63200, 63218, 63220])],
       [16347,
        list([107077, 107087, 107088, 107089, 107091, 107092, 107093, 107100, 111800, 111801])],
       [16378,
        list([74687, 74708, 74709, 74711, 74720, 74733, 74734, 74735, 74753, 74755])],
       [16392, list([93990, 93992, 93995, 94010, 94011])],
       [16432, list([81949])],
       [16475,
        list([84333, 84334, 84341, 84343, 84353, 84364, 107820, 107821])],
       [16536, list([112236, 112237, 112242])],
       [16564, list([109926, 109939, 109941])],
       [16610, list([93990, 93992, 93995, 94010, 94011])],
       [16639, list([109963, 109985])],
       [16655,
        list([105897, 105949, 105951, 105968, 109401, 109405, 109406])],
       [16670, list([355, 373, 374, 375, 376, 377])],
       [16692, list([63192, 63199, 63200, 63218, 63220])],
       [16725, list([112236, 112237])],
       [16728, list([343, 344, 345, 346, 355])],
       [16734, list([112236, 112237, 112242])],
       [16738, list([112236, 112237, 112242])],
       [16752, list([343, 344, 345, 346, 355])],
       [16799, list([93990, 93992, 93995, 94010, 94011])],
       [16800, list([186, 210, 211, 236, 237, 261, 262])],
       [16841, list([35094, 35095, 35110, 35111, 90287, 90288])],
       [16848, list([110904, 110908, 110909, 110912, 110914])],
       [16857,
        list([63972, 106235, 106236, 106237, 106241, 106259, 106260, 110112, 110114, 110124])],
       [16969, list([87967, 87968, 87983])],
       [16979, list([111948, 111951, 111952, 111953])],
       [17047, list([56378, 56380])],
       [17073, list([68025])],
       [17087,
        list([109448, 109474, 109480, 109496, 111966, 111967, 111975])],
       [17089, list([111913, 111938, 111969, 111979, 111980, 111984])],
       [17102,
        list([107697, 107698, 107702, 107704, 107764, 107766, 107768, 107774, 107775])],
       [17119, list([93990, 93992, 93995, 94010, 94011])],
       [17168,
        list([54806, 54807, 54843, 54868, 54869, 105234, 105235, 105246, 105249])],
       [17169, list([63192, 63199, 63200, 63218, 63220])],
       [17181,
        list([108017, 108018, 108019, 108028, 108029, 108030, 109052, 109053, 109091])],
       [17237, list([355, 373, 374, 375, 376, 377])],
       [17282, list([93990, 93992, 93995, 94010, 94011])],
       [17324, list([816, 854, 855, 962, 963, 1000, 1001])],
       [17393, list([373])],
       [17394, list([97706])],
       [17491,
        list([106399, 106400, 106401, 106409, 106413, 106423, 106434])],
       [17494,
        list([424, 425, 466, 467, 71717, 71718, 71719, 71720, 71721, 71722])],
       [17510, list([112259, 112324, 112325])],
       [17571,
        list([30536, 30542, 30543, 30553, 30554, 30561, 30565, 30574])],
       [17595, list([112236, 112237])],
       [17607, list([343, 344, 345, 346, 355])],
       [17609, list([106352, 106353])],
       [17658, list([83336, 83360, 83362, 83415, 83419, 83423, 83424])],
       [17686, list([103533, 103534, 103538, 110732])],
       [17711, list([355, 375, 376, 377])],
       [17721, list([57826, 57828, 57861, 57890, 57891])],
       [17854, list([112236, 112237])],
       [17887, list([3816, 3817, 3837])],
       [17907, list([104080, 104086, 104090, 104095])],
       [17929, list([112236, 112237, 112242])],
       [18003,
        list([108547, 108549, 108576, 108577, 108578, 111828, 111829])],
       [18004,
        list([60857, 60858, 60868, 60871, 60880, 60881, 60886, 60887, 60891, 60893])],
       [18058, list([112236, 112237])],
       [18176, list([7913, 7914, 7915, 61169])],
       [18203,
        list([52439, 52440, 52448, 52449, 52450, 97727, 97728, 97729, 97730, 97731])],
       [18274, list([93990, 93992, 93995, 94010, 94011])],
       [18357, list([74158, 74185, 74187, 74214, 74215])],
       [18376, list([112236, 112237])],
       [18428,
        list([99379, 99380, 99392, 99393, 99400, 99406, 99482, 99618])],
       [18430, list([63192, 63199, 63200, 63218, 63220])],
       [18473, list([93990, 93992, 93995, 94010, 94011])],
       [18496,
        list([109861, 109881, 109882, 109883, 109885, 109896, 109897, 109967, 109968, 109972])],
       [18504, list([111824, 111826, 112367])],
       [18508, list([112236, 112237, 112242])],
       [18542, list([73881, 74162, 74163, 107104])],
       [18687, list([112236, 112237])],
       [18726,
        list([105897, 105949, 105951, 105968, 109401, 109405, 109406])],
       [18739, list([10726, 10728, 10752, 10754, 10801, 10802])],
       [18784, list([97124, 97125, 105774, 105776, 105778])],
       [18823,
        list([54912, 54915, 105932, 110993, 110994, 110995, 110996, 110997, 110998, 110999])],
       [18844, list([63192, 63199, 63200, 63218, 63220])],
       [18893, list([63192, 63199, 63200, 63218, 63220])],
       [18923,
        list([54978, 54979, 55003, 55004, 55005, 106175, 106176, 106177])],
       [18952,
        list([59951, 60072, 60074, 60098, 60099, 109073, 109075, 109079])],
       [18966, list([63192, 63199, 63200, 63218, 63220])],
       [18979,
        list([57121, 57122, 57130, 58064, 58070, 58072, 58074, 58096, 58097, 58106])],
       [18984, list([111948, 111951, 111952, 111953])],
       [18988,
        list([101204, 101209, 101214, 101511, 101512, 101518, 101519])],
       [18989, list([346, 355])],
       [19042, list([112236, 112237, 112242])],
       [19044, list([103251, 103252, 103253, 103261, 103263])],
       [19059,
        list([99615, 99616, 109821, 109824, 109847, 109848, 109849, 109870])],
       [19083, list([87242, 87332, 87334])],
       [19123, list([63192, 63199, 63200, 63218, 63220])],
       [19191, list([112236, 112237])],
       [19209, list([111976, 111980, 111983, 111984])],
       [19239, list([93990, 93992, 93995, 94010, 94011])],
       [19249, list([93990, 93992, 93995, 94010, 94011])],
       [19259,
        list([109600, 109601, 109605, 109609, 109610, 109613, 109614])],
       [19305,
        list([64474, 64475, 64556, 64660, 64662, 64664, 64671, 64677, 64678])],
       [19384,
        list([111713, 111715, 111717, 111719, 111721, 111723, 111730, 111819])],
       [19427,
        list([111683, 111725, 111729, 111847, 111861, 111880, 111881, 111882])],
       [19475, list([107588, 107589, 107603, 107630, 107650, 107651])],
       [19477, list([98824, 98836, 98864, 98871])],
       [19595, list([84056, 110136, 110138, 110139])],
       [19613, list([111399, 111400, 112265, 112278, 112279, 112282])],
       [19621, list([55003, 55606, 55636, 106176, 106177])],
       [19721, list([2976, 4510, 4514, 4519, 4520, 4574, 61697])],
       [19754, list([108237, 108238, 108249, 108251, 108252])],
       [19758, list([103533, 103534, 103538, 110732])],
       [19772, list([111861, 111869])],
       [19773, list([112236, 112237])],
       [19844, list([107966])],
       [19850, list([112236, 112237])],
       [19878, list([109628, 109629, 109641, 109649])],
       [19910, list([112236, 112237, 112242])],
       [19919, list([112236, 112237, 112242])],
       [19927, list([107782, 107787])],
       [19953, list([109728, 109739, 109740, 111981, 111982, 111984])],
       [20004, list([112236, 112237, 112242])],
       [20050,
        list([59776, 59777, 59786, 59791, 59792, 59933, 59934, 59943])],
       [20073, list([361, 362, 363, 368, 369])],
       [20085, list([111103, 111113, 111114, 112189])],
       [20087, list([109700, 109706, 109707, 111978])],
       [20132, list([111948, 111951, 111952, 111953])],
       [20213, list([86593, 86594, 86595, 86620, 87062, 87063])],
       [20214, list([55003, 55606, 55636, 106176, 106177])],
       [20255, list([8600, 62570, 62573, 62574, 62575])],
       [20389, list([93990, 93992, 93995, 94010, 94011])],
       [20394, list([343, 344, 345, 346, 355])],
       [20411, list([355, 373, 374, 375, 376, 377])],
       [20434,
        list([111683, 111725, 111729, 111847, 111861, 111880, 111881, 111882])],
       [20464, list([108331, 108333, 108334, 108337])],
       [20507, list([111929, 111931, 112020, 112021, 112024])],
       [20559, list([108831, 108852, 108853])],
       [20625, list([110535, 110536, 110539, 110540, 110676, 110677])],
       [20657, list([112236, 112237, 112242])],
       [20664, list([112031, 112032])],
       [20706, list([112236, 112237])],
       [20710, list([15619])],
       [20720, list([112236, 112237])],
       [20729, list([109939, 110013, 110014])],
       [20741, list([95463, 95464])],
       [20781, list([112236, 112237, 112242])],
       [20786, list([39343])],
       [20796,
        list([111683, 111725, 111729, 111847, 111861, 111880, 111881, 111882])],
       [20863, list([112236, 112237, 112242])],
       [20888,
        list([89293, 89294, 89307, 89309, 89312, 111543, 111544, 111545])],
       [20927, list([63192, 63199, 63200, 63218, 63220])],
       [20937,
        list([8954, 8962, 8964, 22173, 22174, 22199, 22215, 22217])],
       [20965,
        list([54978, 54979, 55003, 55004, 55005, 106175, 106176, 106177])],
       [20972, list([343, 344, 345, 346, 355])],
       [20988, list([373, 374, 375])],
       [21085, list([112236, 112237])],
       [21100, list([222, 354, 355])],
       [21147, list([93990, 93992, 93995, 94010, 94011])],
       [21218, list([93990, 93992, 93995, 94010, 94011])],
       [21280, list([97069])],
       [21375, list([70741, 70768, 70789, 70791, 71272])],
       [21376, list([107182, 107234, 107235, 107236, 107237])],
       [21385, list([63192, 63199, 63200, 63218, 63220])],
       [21393,
        list([111683, 111725, 111729, 111847, 111861, 111880, 111881, 111882])],
       [21416, list([112236, 112237])],
       [21446, list([373])],
       [21454, list([12521])],
       [21476, list([59734, 59753, 79946, 79948, 79950, 79955])],
       [21486, list([355, 375, 376, 377])],
       [21513, list([112236, 112237, 112242])],
       [21536, list([63192, 63199, 63200, 63218, 63220])],
       [21591, list([93990, 93992, 93995, 94010, 94011])],
       [21610, list([29080, 29081, 29082, 29099, 29100, 29106, 29107])],
       [21612, list([63192, 63199, 63200, 63218, 63220])],
       [21635, list([355, 373, 374, 375, 376, 377])],
       [21661, list([355, 375, 376, 377])],
       [21841, list([63192, 63199, 63200, 63218, 63220])],
       [21868, list([63192, 63199, 63200, 63218, 63220])],
       [21942, list([346, 355])],
       [21945, list([111881])],
       [21951, list([63192, 63199, 63200, 63218, 63220])],
       [21985, list([37325, 37332])],
       [22012, list([111752, 111753])],
       [22019, list([93990, 93992, 93995, 94010, 94011])],
       [22042, list([112236, 112237, 112242])],
       [22049, list([43320, 43341, 43342, 43448, 43449, 43450])],
       [22062, list([112236, 112237])],
       [22085, list([93990, 93992, 93995, 94010, 94011])],
       [22124,
        list([99184, 99589, 99602, 99603, 99631, 99633, 99646, 99648])],
       [22134, list([11651, 77901, 77902, 77934, 77935, 77936, 77962])],
       [22136, list([63192, 63199, 63200, 63218, 63220])],
       [22162, list([373])],
       [22167, list([63192, 63199, 63200, 63218, 63220])],
       [22190,
        list([109092, 109116, 109117, 109118, 109132, 109133, 109137, 109138, 109139])],
       [22207, list([112236, 112237, 112242])],
       [22251, list([343, 344, 345, 346, 355])],
       [22252,
        list([112023, 112185, 112337, 112338, 112339, 112340, 112341, 112342, 112343])],
       [22351, list([86593, 86594, 86595, 86620, 87062, 87063])],
       [22409,
        list([106285, 106307, 106308, 106318, 106320, 106329, 106331])],
       [22427, list([112236, 112237])],
       [22443, list([110468, 110469, 110473, 110474, 110475, 110486])],
       [22467, list([80115, 80116, 80118, 80119, 80120])],
       [22474, list([109276, 109654])],
       [22538, list([36952, 36954, 36963, 36964, 37015])],
       [22590, list([343, 344, 345, 346, 355])],
       [22625, list([355, 373, 374, 375, 376, 377])],
       [22638, list([78387])],
       [22677, list([63192, 63199, 63200, 63218, 63220])],
       [22751, list([355, 373, 374, 375, 376, 377])],
       [22766, list([63192, 63199, 63200, 63218, 63220])],
       [22778, list([106919, 106920, 107002])],
       [22801,
        list([72109, 72111, 72204, 72205, 107491, 107493, 107495])],
       [22868, list([343, 344, 345, 346, 355])],
       [22879, list([35600, 35601, 35648, 35650, 35679, 90798, 90799])],
       [22904, list([105563, 105565, 105584, 105585, 105645])],
       [22922, list([343, 344, 345, 346, 355])],
       [22961,
        list([112241, 112242, 112243, 112244, 112246, 112299, 112300, 112308, 112309])],
       [23013, list([343, 344, 345, 346, 355])],
       [23047, list([99419, 99658, 99673])],
       [23120, list([108720, 108722, 111883])],
       [23139, list([111671, 111674, 111676, 111679])],
       [23155, list([110488, 110489, 110490, 110501, 110502])],
       [23179,
        list([53970, 53972, 53980, 53991, 53992, 53998, 54006, 54007, 54010, 54011])],
       [23182, list([108307, 108322, 108345, 108346, 108347])],
       [23184, list([93990, 93992, 93995, 94010, 94011])],
       [23259, list([63192, 63199, 63200, 63218, 63220])],
       [23268, list([37410, 37411, 37412])],
       [23317, list([109276, 109654])],
       [23387, list([93990, 93992, 93995, 94010, 94011])],
       [23399, list([63192, 63199, 63200, 63218, 63220])],
       [23464, list([98408, 98409, 98414, 98415, 98423, 98432])],
       [23467, list([110501, 110502, 110536])],
       [23471, list([355, 373, 374, 375, 376, 377])],
       [23500,
        list([111878, 111879, 111894, 111895, 111949, 111950, 111951, 111958, 111959, 111960])],
       [23540, list([110858, 110859])],
       [23670,
        list([111921, 111922, 111932, 111933, 111934, 111935, 111936, 111938])],
       [23689, list([368, 369, 370, 371, 372, 373])],
       [23690, list([57647, 57676, 57708, 57709, 57725, 57726])],
       [23702, list([84485, 84507, 84511])],
       [23751, list([101099, 101113, 101117, 101120, 101135, 101145])],
       [23752, list([112251])],
       [23773,
        list([107701, 111898, 111899, 111900, 111901, 111902, 111914, 111915, 111916])],
       [23783, list([93990, 93992, 93995, 94010, 94011])],
       [23806, list([93990, 93992, 93995, 94010, 94011])],
       [23843, list([112236, 112237])],
       [23946, list([327, 366, 367, 368, 369, 370, 371, 372, 373])],
       [23951, list([83336, 83360, 83362, 83415, 83419, 83423, 83424])],
       [23986, list([112236, 112237])],
       [23998,
        list([110195, 110196, 112181, 112359, 112360, 112362, 112367, 112368])],
       [24002, list([112236, 112237, 112242])],
       [24052, list([105563, 105565, 105584, 105585, 105645])],
       [24054,
        list([111951, 111952, 111954, 111957, 111960, 111961, 111964, 111965, 111969])],
       [24113, list([63192, 63199, 63200, 63218, 63220])],
       [24137, list([112115, 112116, 112117])],
       [24159, list([59736, 59747, 59749, 59781, 59790])],
       [24226, list([104346, 104399, 104401])],
       [24243,
        list([20090, 20091, 20100, 67927, 67941, 67942, 67944, 67947, 67949])],
       [24245, list([112236, 112237, 112242])],
       [24276, list([112236, 112237, 112242])],
       [24308, list([55003, 55606, 55636, 106176, 106177])],
       [24334,
        list([53817, 53818, 53820, 62054, 62056, 62073, 62075, 62104, 62105, 62109])],
       [24373,
        list([109558, 109619, 109620, 109623, 109628, 109629, 109632, 109639, 109641, 109649])],
       [24415, list([368, 369, 370, 371, 372, 373])],
       [24432, list([103533, 103534, 103538, 110732])],
       [24463, list([74661])],
       [24484,
        list([79576, 79578, 79582, 79583, 82309, 82310, 82328, 82330, 82332])],
       [24607, list([93990, 93992, 93995, 94010, 94011])],
       [24610, list([93990, 93992, 93995, 94010, 94011])],
       [24644, list([104527, 104544, 106906])],
       [24661,
        list([102275, 102278, 102288, 102289, 102291, 102292, 102389, 102396])],
       [24671,
        list([46500, 46503, 46514, 46565, 46567, 46574, 46591, 46708, 46725])],
       [24678, list([94973])],
       [24777, list([283, 340, 341, 342, 343])],
       [24797, list([341, 342, 343])],
       [24899, list([109291, 109306, 109307, 109308, 109334, 109335])],
       [24974, list([63192, 63199, 63200, 63218, 63220])],
       [25044, list([104110, 104124, 104434, 104443, 104452])],
       [25058,
        list([111463, 111468, 111470, 111472, 111473, 111475, 112275, 112276, 112281])],
       [25100, list([63192, 63199, 63200, 63218, 63220])],
       [25111, list([367, 368, 369, 370, 371, 372, 373])],
       [25123, list([112236, 112237])],
       [25146, list([112236, 112237])],
       [25156, list([105563, 105565, 105584, 105585, 105645])],
       [25203, list([112236, 112237, 112242])],
       [25242, list([7922, 7924])],
       [25350, list([63192, 63199, 63200, 63218, 63220])],
       [25365,
        list([63346, 63363, 63364, 63365, 63366, 63367, 63368, 63369])],
       [25368,
        list([111407, 111408, 111409, 111410, 111411, 112284, 112290])],
       [25381, list([102339, 102340, 102358, 102359])],
       [25482,
        list([107422, 107423, 111692, 111693, 111701, 111706, 111715, 111717])],
       [25561, list([111761, 111762])],
       [25593, list([327, 366, 367, 368, 369, 370, 371, 372, 373])],
       [25612, list([373])],
       [25689, list([66817, 66818, 66843])],
       [25717, list([86331, 86379, 86381])],
       [25724,
        list([19786, 19788, 19793, 66890, 66906, 66908, 66910, 66911])],
       [25728, list([54769, 54770, 54772, 54774, 54775, 54782])],
       [25735, list([112236, 112237])],
       [25748,
        list([79081, 79082, 79092, 79096, 79160, 79167, 79182, 79193, 79195, 79464])],
       [25750, list([108720, 108722, 111883])],
       [25769,
        list([108547, 108549, 108576, 108577, 108578, 111828, 111829])],
       [25836, list([112236, 112237])],
       [25859,
        list([88358, 88360, 88377, 88394, 88395, 88396, 111296, 111297, 111300])],
       [25877,
        list([109558, 109619, 109620, 109623, 109628, 109629, 109632, 109639, 109641, 109649])],
       [25900, list([63192, 63199, 63200, 63218, 63220])],
       [25943,
        list([109558, 109619, 109620, 109623, 109628, 109629, 109632, 109639, 109641, 109649])],
       [25977, list([93990, 93992, 93995, 94010, 94011])],
       [25978,
        list([111082, 111083, 111084, 111173, 111174, 111175, 111179])],
       [26029, list([54798, 105913, 105957, 106021, 106028])],
       [26065, list([112019, 112020])],
       [26140, list([112236, 112237, 112242])],
       [26147, list([12521])],
       [26172, list([343, 344, 345, 346])],
       [26175, list([112236, 112237])],
       [26195, list([50495, 50496])],
       [26253, list([112228, 112264, 112265, 112266])],
       [26283,
        list([90348, 90349, 90369, 90370, 90545, 90546, 90558, 90560])],
       [26335, list([68143, 68171, 68172, 68179, 68180, 68196, 68316])],
       [26403, list([107224, 107226, 107227, 107228, 107229])],
       [26437, list([112236, 112237])],
       [26487,
        list([111683, 111725, 111729, 111847, 111861, 111880, 111881, 111882])],
       [26550, list([63192, 63199, 63200, 63218, 63220])],
       [26592,
        list([54978, 54979, 55003, 55004, 55005, 106175, 106176, 106177])],
       [26612, list([63192, 63199, 63200, 63218, 63220])],
       [26613, list([93990, 93992, 93995, 94010, 94011])],
       [26659, list([112236, 112237, 112242])],
       [26725,
        list([108017, 108018, 108019, 108028, 108029, 108030, 109052, 109053, 109091])],
       [26736, list([29080, 29081, 29082, 29099, 29100, 29106, 29107])],
       [26787, list([82656, 82705, 82725])],
       [26789, list([112236, 112237])],
       [26813, list([55994, 56007, 56020])],
       [26823, list([63192, 63199, 63200, 63218, 63220])],
       [26840, list([355, 373, 374, 375, 376, 377])],
       [26849,
        list([53075, 53076, 53077, 53080, 53081, 53087, 53090, 53096, 53098, 53101])],
       [26855, list([65, 66, 67, 112227, 112228])],
       [27043, list([8598, 8600, 8611, 8619, 8620, 8621, 8694])],
       [27049, list([93990, 93992, 93995, 94010, 94011])],
       [27074, list([373])],
       [27102, list([63192, 63199, 63200, 63218, 63220])],
       [27126, list([55003, 55606, 55636, 106176, 106177])],
       [27161, list([93990, 93992, 93995, 94010, 94011])],
       [27305, list([373])],
       [27317, list([56378, 56380])],
       [27343, list([44004, 44005, 44018, 44020, 95259])],
       [27346, list([85423, 85428, 85430, 85455, 85456])],
       [27352, list([112236, 112237, 112242])],
       [27361,
        list([111828, 111829, 111830, 111831, 111832, 111833, 111846])],
       [27372, list([107952, 107972])],
       [27569, list([105433, 105521, 107722])],
       [27584, list([105563, 105565, 105584, 105585, 105645])],
       [27622, list([93990, 93992, 93995, 94010, 94011])],
       [27748, list([111078, 111079, 111084])],
       [27793, list([109276, 109654])],
       [27809, list([93990, 93992, 93995, 94010, 94011])],
       [27822, list([63192, 63199, 63200, 63218, 63220])],
       [27832, list([343, 344, 345, 346, 355])],
       [27856,
        list([54978, 54979, 55003, 55004, 55005, 106175, 106176, 106177])],
       [27894, list([82703, 82717, 82718])],
       [27895, list([108146, 108154, 108155, 108157])],
       [27932,
        list([110195, 110196, 112181, 112359, 112360, 112362, 112367, 112368])],
       [27936, list([63192, 63199, 63200, 63218, 63220])],
       [28116, list([373])],
       [28190, list([109276, 109654])],
       [28206, list([72101, 72213, 72215, 72233, 72235, 72236])],
       [28244, list([111463, 111471, 111472, 112276, 112277, 112278])],
       [28246,
        list([106047, 106065, 106068, 106073, 112072, 112077, 112079])],
       [28344, list([102567, 102572, 102573, 102586])],
       [28380, list([112236, 112237])],
       [28425, list([106704, 106705, 106746, 106747])],
       [28541, list([112236, 112237, 112242])],
       [28550, list([112236, 112237, 112242])],
       [28588, list([106421, 112352, 112355, 112358])],
       [28612, list([23786, 23803, 23815, 24401])],
       [28614, list([355, 373, 374, 375, 376, 377])],
       [28626, list([93990, 93992, 93995, 94010, 94011])],
       [28650, list([111861, 111869])],
       [28661, list([93990, 93992, 93995, 94010, 94011])],
       [28668, list([98367, 98369, 98567, 98569])],
       [28670, list([70843, 70998, 71014, 71015, 71016])],
       [28726, list([55146, 57038, 57066])],
       [28780, list([112031, 112032])],
       [28798,
        list([108183, 108184, 108197, 108198, 108223, 108224, 108237, 108238])],
       [28801, list([110195])],
       [28823, list([86818, 87286, 87287])],
       [28845, list([368, 369, 370, 371, 372, 373])],
       [28864,
        list([111761, 111762, 112185, 112199, 112200, 112201, 112202, 112203, 112204])],
       [28871, list([111402, 111403, 111504, 111505])],
       [28897, list([112236, 112237])],
       [28898, list([112175, 112176, 112182, 112183, 112184])],
       [28933, list([112236, 112237])],
       [29010, list([83336, 83360, 83362, 83415, 83419, 83423, 83424])],
       [29090, list([112236, 112237])],
       [29117, list([63192, 63199, 63200, 63218, 63220])],
       [29164, list([18794, 18795])],
       [29170, list([107166, 107167])],
       [29179, list([112236, 112237, 112242])],
       [29190, list([63192, 63199, 63200, 63218, 63220])],
       [29201, list([109963, 109985])],
       [29230, list([112019, 112020])],
       [29251,
        list([65372, 65373, 65422, 65427, 65452, 65453, 65473, 65475, 65522, 65524])],
       [29270, list([83336, 83360, 83362, 83415, 83419, 83423, 83424])],
       [29308, list([63192, 63199, 63200, 63218, 63220])],
       [29314,
        list([111951, 111952, 111954, 111957, 111960, 111961, 111964, 111965, 111969])],
       [29319, list([112236, 112237, 112242])],
       [29386,
        list([112019, 112020, 112068, 112069, 112075, 112077, 112084, 112085])],
       [29395, list([368, 369, 370, 371, 372, 373])],
       [29408, list([112236, 112237, 112242])],
       [29454,
        list([25286, 25309, 25310, 25339, 25340, 25792, 25795, 25835, 25837])],
       [29480, list([112236, 112237, 112242])],
       [29489, list([63192, 63199, 63200, 63218, 63220])],
       [29524, list([68446])],
       [29530, list([36872, 91930, 91932])],
       [29558, list([107568, 107569, 107582, 107583, 107602, 111756])],
       [29626, list([84361, 84362, 84365, 84366, 108131])],
       [29658, list([112236, 112237, 112242])],
       [29663, list([355, 373, 374, 375, 376, 377])],
       [29673, list([111976, 111980, 111983, 111984])],
       [29676, list([343, 344, 345, 346, 355])],
       [29727, list([56378, 56380])],
       [29745,
        list([111951, 111952, 111954, 111957, 111960, 111961, 111964, 111965, 111969])],
       [29775,
        list([106883, 106897, 106901, 106913, 106914, 106921, 107011])],
       [29827, list([110434, 110435, 110546, 110548])],
       [29831,
        list([72582, 72583, 72592, 72610, 72611, 72612, 73586, 73647, 73649, 73651])],
       [29833,
        list([63835, 63836, 63851, 64195, 64196, 64201, 64206, 64208, 64213])],
       [29872, list([62006, 62007])],
       [29914, list([111813, 111814])],
       [29932, list([373])],
       [29966,
        list([88126, 88127, 88161, 88169, 88184, 88187, 88200, 88211, 88212])],
       [30031, list([112236, 112237, 112242])],
       [30120,
        list([90130, 90131, 90147, 90149, 100225, 100255, 100257, 100259])],
       [30123, list([103880, 103881, 104196, 104199, 104201, 104214])],
       [30181,
        list([109261, 109262, 109263, 109264, 109265, 109268, 109269, 109270, 109272])],
       [30212, list([57257, 57258, 57274])],
       [30218, list([40149, 40151])],
       [30248, list([112236, 112237])],
       [30297, list([112236, 112237, 112242])],
       [30308, list([93990, 93992, 93995, 94010, 94011])],
       [30335, list([63192, 63199, 63200, 63218, 63220])],
       [30353, list([112236, 112237])],
       [30360, list([355, 373, 374, 375, 376, 377])],
       [30387,
        list([106915, 106920, 106988, 107001, 107002, 107013, 107017])],
       [30415, list([111976, 111980, 111983, 111984])],
       [30539,
        list([102707, 102708, 102709, 102711, 102715, 102743, 102745, 102750, 102755, 102756])],
       [30558, list([60350, 60358, 60389])],
       [30575, list([355, 373, 374, 375, 376, 377])],
       [30597, list([368, 369, 370, 371, 372, 373])],
       [30612, list([93990, 93992, 93995, 94010, 94011])],
       [30709, list([57100])],
       [30775,
        list([110820, 110837, 110839, 110847, 110848, 110849, 110870, 110875, 110876])],
       [30781, list([56378, 56380])],
       [30798,
        list([107523, 107524, 107525, 107542, 111767, 111768, 111769, 111770, 111772])],
       [30809, list([97069])],
       [30811, list([373])],
       [30826, list([111761, 111762])],
       [30840,
        list([106887, 106889, 106896, 106903, 106905, 106907, 106916, 106917])],
       [30845, list([111948, 111951, 111952, 111953])],
       [30866, list([33723, 89499, 89500, 89501, 89597])],
       [30885, list([105563, 105565, 105584, 105585, 105645])],
       [30887, list([112236, 112237, 112242])],
       [30899, list([67239, 67254, 67255, 67256, 67274, 67275, 67297])],
       [30902, list([59816, 104885, 104886])],
       [30911, list([112236, 112237, 112242])],
       [30962, list([112236, 112237])],
       [30969,
        list([108017, 108018, 108019, 108028, 108029, 108030, 109052, 109053, 109091])],
       [30971, list([105600])],
       [31008,
        list([108183, 108184, 108197, 108198, 108223, 108224, 108237, 108238])],
       [31009, list([111842, 111851, 111856])],
       [31012, list([112115, 112116, 112117])],
       [31032, list([373, 374, 375])],
       [31036, list([112236, 112237])],
       [31065, list([76382, 76408, 76409, 76440, 76442, 76462])],
       [31106, list([111948, 111951, 111952, 111953])],
       [31123, list([93895, 93896, 108930, 108953, 108954, 108957])],
       [31128, list([343, 344, 345, 346, 355])],
       [31135, list([112236, 112237, 112242])],
       [31263, list([373, 374, 375])],
       [31280, list([102339, 102340, 102358, 102359])],
       [31292, list([109276, 109654])],
       [31318, list([368, 369, 370, 371, 372, 373])],
       [31382, list([112027, 112031])],
       [31396, list([112236, 112237])],
       [31420, list([112236, 112237, 112242])],
       [31426, list([93990, 93992, 93995, 94010, 94011])],
       [31526, list([355, 373, 374, 375, 376, 377])],
       [31569, list([71193, 71214, 71216, 71219, 71236, 71254])],
       [31624, list([65524])],
       [31626, list([103875, 103876, 103888, 103890])],
       [31627, list([58226, 58227, 58258])],
       [31684, list([63192, 63199, 63200, 63218, 63220])],
       [31824, list([84360, 84368, 84421, 84436, 84437])],
       [31913, list([112236, 112237])],
       [31931, list([112080])],
       [31933, list([93990, 93992, 93995, 94010, 94011])],
       [31934,
        list([63146, 63148, 63161, 63162, 63417, 63426, 63427, 63439, 63452])],
       [31955, list([63192, 63199, 63200, 63218, 63220])],
       [31990, list([355, 373, 374, 375, 376, 377])],
       [32012, list([373])],
       [32022, list([112236, 112237])],
       [32077, list([111976, 111980, 111983, 111984])],
       [32078, list([112236, 112237])],
       [32147, list([63192, 63199, 63200, 63218, 63220])],
       [32182, list([63192, 63199, 63200, 63218, 63220])],
       [32249, list([81053, 81481])],
       [32276,
        list([111683, 111725, 111729, 111847, 111861, 111880, 111881, 111882])],
       [32424, list([99934, 99946, 99951])],
       [32449, list([92784, 92946, 92947])],
       [32481,
        list([108581, 108582, 111820, 111821, 111831, 111832, 111838, 111840])],
       [32516, list([43256, 43258, 43272, 43274, 43280, 81152, 81153])],
       [32517, list([108232, 108237, 108238])],
       [32636, list([111948, 111951, 111952, 111953])],
       [32646,
        list([720, 733, 735, 737, 738, 56076, 56077, 56083, 56085])],
       [32652, list([349, 350, 351, 352, 353, 364, 365, 373])],
       [32674, list([75289, 75840, 75841, 75855])],
       [32705,
        list([54978, 54979, 55003, 55004, 55005, 106175, 106176, 106177])],
       [32707,
        list([109861, 109862, 109868, 109869, 109883, 109885, 109888, 109889, 109897, 109902])],
       [32716, list([105814, 105818, 105820, 105832])],
       [32747, list([112223, 112225, 112226, 112228])],
       [32790, list([109965, 109966, 109973, 109974])],
       [32830,
        list([109583, 109585, 109593, 109594, 109601, 109602, 109609])],
       [32834, list([61262, 61274, 61285, 61287])],
       [32924,
        list([108106, 108107, 108110, 108111, 108112, 108124, 108125, 108138, 108139, 108149])],
       [32930, list([62174, 62175, 62178, 62179, 62198, 62212, 62214])],
       [32932, list([355, 373, 374, 375, 376, 377])],
       [32936, list([111948, 111951, 111952, 111953])],
       [32939, list([346, 355])],
       [33018, list([63698, 63727, 63728, 63749, 63750])],
       [33027, list([81949])],
       [33039,
        list([111435, 111436, 111438, 111550, 111551, 111553, 111554])],
       [33046,
        list([111683, 111725, 111729, 111847, 111861, 111880, 111881, 111882])],
       [33056, list([56378, 56380])],
       [33151,
        list([108454, 108468, 108469, 108470, 108480, 108490, 108491, 108492])],
       [33206,
        list([12621, 12638, 12639, 12641, 12764, 12771, 12772, 14008, 14009, 14010])],
       [33223,
        list([90862, 90876, 90877, 95259, 95263, 95265, 95284, 95286])],
       [33230, list([111736, 111744, 112027, 112028])],
       [33250, list([346, 355])],
       [33338, list([93990, 93992, 93995, 94010, 94011])],
       [33374,
        list([111683, 111725, 111729, 111847, 111861, 111880, 111881, 111882])],
       [33382, list([355, 375, 376, 377])],
       [33408, list([95214, 109211, 109212, 109227, 109228, 109229])],
       [33410, list([368, 369, 370, 371, 372, 373])],
       [33470, list([94306, 94307, 94496])],
       [33525, list([355, 373, 374, 375, 376, 377])],
       [33539,
        list([109558, 109619, 109620, 109623, 109628, 109629, 109632, 109639, 109641, 109649])],
       [33583, list([111395, 111396, 112328, 112329])],
       [33593, list([83336, 83360, 83362, 83415, 83419, 83423, 83424])],
       [33656, list([343, 344, 345, 346, 355])],
       [33679, list([109985, 109993, 109994])],
       [33682, list([112236, 112237])],
       [33760,
        list([38445, 75788, 75798, 75803, 75816, 75817, 75823, 75824])],
       [33790, list([61934, 61943, 61944])],
       [33804, list([81743, 81762, 81764, 81785, 81786])],
       [33817,
        list([108017, 108018, 108019, 108028, 108029, 108030, 109052, 109053, 109091])],
       [33834, list([72519, 72520, 72527, 72529])],
       [33859, list([1916, 1923])],
       [33867, list([93990, 93992, 93995, 94010, 94011])],
       [33998,
        list([107110, 107118, 107120, 107215, 107216, 107275, 107276])],
       [34057, list([368, 369, 370, 371, 372, 373])],
       [34091, list([108058, 108299])],
       [34097, list([93990, 93992, 93995, 94010, 94011])],
       [34112, list([83336, 83360, 83362, 83415, 83419, 83423, 83424])],
       [34202, list([112236, 112237])],
       [34215, list([44940, 44973, 44976])],
       [34289, list([112236, 112237, 112242])],
       [34303, list([72410, 72432, 72434, 107540, 107541, 107543])],
       [34309, list([108099, 108106, 108107, 108112, 108125])],
       [34341,
        list([71620, 71621, 72333, 72334, 72340, 72430, 72433, 72435, 106755, 106756])],
       [34352, list([109037])],
       [34412,
        list([109244, 109245, 109246, 109256, 109257, 109258, 109259, 109260, 109296])],
       [34462, list([17395, 17397, 17403, 17405, 67413])],
       [34473, list([63192, 63199, 63200, 63218, 63220])],
       [34491, list([63192, 63199, 63200, 63218, 63220])],
       [34517, list([112236, 112237, 112242])],
       [34542, list([46741, 46743, 46769, 46857, 46870])],
       [34584, list([112236, 112237])],
       [34591, list([98824, 98836, 98864, 98871])],
       [34639, list([110368, 110423])],
       [34640,
        list([111931, 112019, 112020, 112021, 112024, 112033, 112048, 112049])],
       [34654, list([112102, 112103, 112104, 112108])],
       [34679, list([107206, 107207, 107226, 107227, 107228])],
       [34781,
        list([80873, 80896, 80897, 80902, 80903, 91466, 91468, 91482])],
       [34803, list([109217, 109222, 109223, 109224, 109245])],
       [34853, list([111820, 111821, 111831, 111832])],
       [34860, list([59167, 59168, 59467, 59473])],
       [34875, list([93990, 93992, 93995, 94010, 94011])],
       [34919, list([112236, 112237, 112242])],
       [34986, list([109276, 109654])],
       [35018, list([111870, 111874, 111877, 111910, 111911])],
       [35038, list([106739, 106740, 106753, 111782, 111783, 111785])],
       [35103, list([111948, 111951, 111952, 111953])],
       [35133, list([346, 355])],
       [35198, list([92334, 92346, 92347])],
       [35263, list([343, 344, 345, 346, 355])],
       [35278, list([112236, 112237])],
       [35294,
        list([108017, 108018, 108019, 108028, 108029, 108030, 109052, 109053, 109091])],
       [35312, list([112053, 112054, 112055, 112056, 112057, 112058])],
       [35324, list([111463, 111471, 111472, 112276, 112277, 112278])],
       [35336,
        list([111463, 111468, 111470, 111472, 111473, 111475, 112275, 112276, 112281])],
       [35337, list([111772, 111774, 111784, 111840, 111849, 111850])],
       [35339, list([112236, 112237, 112242])],
       [35361, list([50790, 101395, 101396, 101398])],
       [35380,
        list([34297, 34313, 88987, 88988, 88989, 88990, 89062, 89064])],
       [35424, list([343, 344, 345, 346, 355])],
       [35446, list([83336, 83360, 83362, 83415, 83419, 83423, 83424])],
       [35469,
        list([109146, 109155, 109156, 109163, 109165, 109166, 109179])],
       [35500, list([93990, 93992, 93995, 94010, 94011])],
       [35589,
        list([101756, 101757, 101758, 101760, 101765, 101770, 101830, 101831])],
       [35634, list([112236, 112237])],
       [35642, list([26620, 26621, 26639, 26640])],
       [35650, list([108237, 108249, 108401])],
       [35706, list([111736, 111738, 111740, 111742, 111744])],
       [35712, list([93009, 93034, 93058, 93060, 106031, 106034])],
       [35720, list([112236, 112237])],
       [35738, list([106914, 106915, 106919, 106920])],
       [35741,
        list([32446, 32447, 32451, 32508, 32509, 32516, 32517, 32538, 32734])],
       [35744, list([12313, 12321, 12322])],
       [35756, list([63192, 63199, 63200, 63218, 63220])],
       [35759,
        list([111595, 111599, 111600, 111601, 111602, 111603, 111604, 111607])],
       [35772, list([368, 369, 370, 371, 372, 373])],
       [35859, list([107870, 108068])],
       [35913, list([61280, 61282, 61284])],
       [35925, list([111948, 111951, 111952, 111953])],
       [35968, list([112236, 112237, 112242])],
       [35983, list([63192, 63199, 63200, 63218, 63220])],
       [36013, list([111948, 111951, 111952, 111953])],
       [36017, list([82303, 82307])],
       [36046, list([355, 373, 374, 375, 376, 377])],
       [36055, list([112236, 112237])],
       [36077,
        list([109925, 109926, 109939, 110650, 110653, 110655, 112076])],
       [36093, list([14647, 14648, 14661])],
       [36099,
        list([54978, 54979, 55003, 55004, 55005, 106175, 106176, 106177])],
       [36100, list([112236, 112237, 112242])],
       [36121, list([112236, 112237, 112242])],
       [36126, list([97056, 97065, 97067, 97069, 97077, 97081])],
       [36131, list([112236, 112237, 112242])],
       [36209,
        list([85486, 85675, 85701, 85704, 85705, 85994, 86003, 86024, 86043])],
       [36225, list([96512, 96513, 96608, 96609])],
       [36243, list([93990, 93992, 93995, 94010, 94011])],
       [36260, list([64535])],
       [36302, list([93990, 93992, 93995, 94010, 94011])],
       [36362, list([93990, 93992, 93995, 94010, 94011])],
       [36375, list([109065, 109118])],
       [36385, list([63192, 63199, 63200, 63218, 63220])],
       [36421,
        list([8127, 11293, 61565, 63358, 63359, 63360, 63361, 63362])],
       [36541,
        list([83422, 83432, 83434, 83448, 83449, 83513, 83522, 83524])],
       [36568, list([63192, 63199, 63200, 63218, 63220])],
       [36570, list([63192, 63199, 63200, 63218, 63220])],
       [36670,
        list([60687, 60688, 60716, 60717, 60946, 60947, 60948, 60967, 60968])],
       [36677, list([105563, 105565, 105584, 105585, 105645])],
       [36703, list([66696, 66704])],
       [36716, list([111913, 111938, 111969, 111979, 111980, 111984])],
       [36775, list([94853, 94854, 94860, 94862, 94871, 94876, 94877])],
       [36785,
        list([52530, 52531, 52532, 52536, 52553, 52555, 52558, 52559, 52563, 52565])],
       [36802, list([61930, 62043, 62044, 62144])],
       [36904, list([63192, 63199, 63200, 63218, 63220])],
       [36937, list([112236, 112237, 112242])],
       [37080,
        list([111683, 111725, 111729, 111847, 111861, 111880, 111881, 111882])],
       [37081, list([112236, 112237])],
       [37117, list([69448, 69475, 69477, 69478])],
       [37125, list([63192, 63199, 63200, 63218, 63220])],
       [37164, list([112236, 112237, 112242])],
       [37165,
        list([109146, 109155, 109156, 109163, 109165, 109166, 109179])],
       [37173, list([112236, 112237, 112242])],
       [37280,
        list([108017, 108018, 108019, 108028, 108029, 108030, 109052, 109053, 109091])],
       [37368, list([355, 373, 374, 375, 376, 377])],
       [37431, list([93990, 93992, 93995, 94010, 94011])],
       [37576, list([112236, 112237, 112242])],
       [37580, list([112236, 112237])],
       [37606, list([368, 369, 370, 371, 372, 373])],
       [37663, list([111976, 111980, 111983, 111984])],
       [37728, list([100905, 100924, 101045, 101061])],
       [37762,
        list([89547, 89552, 89553, 89568, 89569, 89737, 89739, 89743])],
       [37869, list([91639, 91680, 91693, 91694, 91715])],
       [37961, list([112236, 112237, 112242])],
       [37971, list([107681, 107686])],
       [37974,
        list([45276, 45277, 45283, 45284, 45289, 45290, 45296, 45297])],
       [38034,
        list([106186, 106188, 106191, 106257, 106258, 106262, 112100, 112101, 112105])],
       [38047, list([100006, 100007, 100009, 100137])],
       [38053, list([112236, 112237])],
       [38084,
        list([54978, 54979, 55003, 55004, 55005, 106175, 106176, 106177])],
       [38095, list([57710, 57711, 57712, 57734, 59264])],
       [38187, list([8787, 8788, 8810, 8811, 8822, 8824])],
       [38196, list([108491, 108492, 108513, 108514, 108524, 108525])],
       [38228, list([55003, 55606, 55636, 106176, 106177])],
       [38243,
        list([108017, 108018, 108019, 108028, 108029, 108030, 109052, 109053, 109091])],
       [38318, list([93990, 93992, 93995, 94010, 94011])],
       [38351, list([355, 373, 374, 375, 376, 377])],
       [38385, list([63192, 63199, 63200, 63218, 63220])],
       [38438, list([112236, 112237])],
       [38447, list([112236, 112237, 112242])],
       [38501, list([93990, 93992, 93995, 94010, 94011])],
       [38526, list([112236, 112237])],
       [38560, list([78787, 78805, 78806, 78816])],
       [38593,
        list([109092, 109116, 109117, 109118, 109132, 109133, 109137, 109138, 109139])],
       [38619, list([69309, 69310, 69312, 69313])],
       [38675,
        list([25576, 25577, 25580, 25582, 25586, 25593, 83350, 83357, 83358])],
       [38704,
        list([112248, 112250, 112251, 112252, 112314, 112317, 112318, 112319])],
       [38709, list([112236, 112237])],
       [38748, list([111929, 111931, 112020, 112021, 112024])],
       [38842, list([109276, 109654])],
       [38894, list([109830, 109831, 109832, 109833, 109834, 109835])],
       [38907, list([85475, 108248, 108249, 108255, 108266])],
       [38954, list([355, 375, 376, 377])],
       [38974, list([112236, 112237])],
       [38998, list([83336, 83360, 83362, 83415, 83419, 83423, 83424])],
       [39001,
        list([111683, 111725, 111729, 111847, 111861, 111880, 111881, 111882])],
       [39022, list([112236, 112237, 112242])],
       [39046, list([111063, 111064])],
       [39091, list([112236, 112237, 112242])],
       [39094, list([88572, 88573, 88579, 88604, 88621])],
       [39104, list([63192, 63199, 63200, 63218, 63220])],
       [39108, list([112236, 112237])],
       [39179,
        list([111951, 111952, 111954, 111957, 111960, 111961, 111964, 111965, 111969])],
       [39215, list([112236, 112237])],
       [39241, list([63192, 63199, 63200, 63218, 63220])],
       [39244, list([111976, 111980, 111983, 111984])],
       [39298, list([107155, 108048])],
       [39327, list([343, 344, 345, 346, 355])],
       [39365, list([112236, 112237])],
       [39421, list([222, 354, 355])],
       [39575,
        list([111836, 111842, 111847, 111848, 111854, 111855, 111861, 111869, 111870, 111871])],
       [39578, list([63192, 63199, 63200, 63218, 63220])],
       [39586, list([112236, 112237])],
       [39596, list([109327, 109328, 109353, 109354])],
       [39672, list([60294])],
       [39722, list([63192, 63199, 63200, 63218, 63220])],
       [39731, list([110859, 111663, 111664, 111665, 111680, 111681])],
       [39848, list([83336, 83360, 83362, 83415, 83419, 83423, 83424])],
       [39849, list([112236, 112237])],
       [39908, list([76091, 76098, 76099])],
       [39925,
        list([108017, 108018, 108019, 108028, 108029, 108030, 109052, 109053, 109091])],
       [39947, list([112236, 112237])],
       [39952,
        list([111800, 111801, 111802, 111803, 111804, 111805, 111806, 111807])],
       [39958,
        list([107069, 107070, 107072, 107073, 107077, 107081, 107088, 107089])],
       [40003, list([355, 375, 376, 377])],
       [40007,
        list([111082, 111083, 111084, 111173, 111174, 111175, 111179])],
       [40025, list([108679, 108716, 108717, 108720])],
       [40033, list([94863, 94865])],
       [40053, list([87679, 87680])],
       [40059, list([112251, 112315, 112316, 112317, 112321])],
       [40104, list([102472])],
       [40111, list([112236, 112237])],
       [40114, list([93990, 93992, 93995, 94010, 94011])],
       [40130, list([112236, 112237, 112242])],
       [40161, list([112236, 112237, 112242])],
       [40175, list([373])],
       [40197, list([290, 291, 292, 293, 294, 295, 348, 349])],
       [40201, list([76091, 76098, 76099])],
       [40212, list([112236, 112237, 112242])],
       [40214, list([53809, 59829, 59831])],
       [40235, list([343, 344, 345, 346, 355])],
       [40264, list([111948, 111951, 111952, 111953])],
       [40295, list([93990, 93992, 93995, 94010, 94011])],
       [40314, list([109276, 109654])],
       [40353, list([63192, 63199, 63200, 63218, 63220])],
       [40386,
        list([104545, 104556, 104557, 104561, 106906, 106908, 106909])],
       [40472, list([112236, 112237])],
       [40509,
        list([77560, 77728, 77744, 110603, 110611, 110619, 110623, 110627, 110628])],
       [40587, list([355, 375, 376, 377])],
       [40609,
        list([110859, 111654, 111663, 111664, 111680, 111681, 112175, 112183])],
       [40625, list([112236, 112237, 112242])],
       [40632,
        list([72916, 72948, 72949, 72967, 72968, 72969, 72980, 72982])],
       [40650, list([286, 287, 301, 307, 310, 328, 343])],
       [40659, list([111860, 111879])],
       [40770,
        list([105897, 105949, 105951, 105968, 109401, 109405, 109406])],
       [40824, list([109335])],
       [40832,
        list([96675, 96676, 96688, 96703, 97109, 97118, 97127, 97128, 97137, 97138])],
       [40888, list([107139])],
       [40916, list([112236, 112237, 112242])],
       [40994, list([343, 344, 345, 346, 355])],
       [41007, list([70228, 70417, 70431])],
       [41038,
        list([108183, 108184, 108197, 108198, 108223, 108224, 108237, 108238])],
       [41050, list([64535])],
       [41090, list([51519, 51520, 56232, 56234, 56245, 56247, 56278])],
       [41091, list([112236, 112237, 112242])],
       [41095, list([355, 373, 374, 375, 376, 377])],
       [41109, list([59398])],
       [41127, list([110036, 110038, 110039, 110041])],
       [41174, list([106120, 106121])],
       [41223, list([81385, 81398, 81400, 82274, 82349, 82351])],
       [41234, list([86732])],
       [41240, list([355, 373, 374, 375, 376, 377])],
       [41257,
        list([41, 67, 68, 69, 222, 354, 355, 112223, 112224, 112225])],
       [41281,
        list([111951, 111952, 111954, 111957, 111960, 111961, 111964, 111965, 111969])],
       [41287, list([111948, 111951, 111952, 111953])],
       [41296,
        list([107621, 107627, 107648, 107654, 107663, 107666, 111852])],
       [41305, list([355, 375, 376, 377])],
       [41323, list([91907, 91908, 91949, 91973, 92003])],
       [41352, list([355, 373, 374, 375, 376, 377])],
       [41354, list([63192, 63199, 63200, 63218, 63220])],
       [41355, list([43128, 43147, 43159, 43178, 43179, 43186, 43187])],
       [41405, list([112236, 112237])],
       [41429, list([84726, 84728, 84740, 107839, 107841, 107842])],
       [41476, list([78823, 78824, 78859, 78860, 78921, 78922, 78928])],
       [41485, list([112236, 112237, 112242])],
       [41489, list([63192, 63199, 63200, 63218, 63220])],
       [41536,
        list([54978, 54979, 55003, 55004, 55005, 106175, 106176, 106177])],
       [41706,
        list([89912, 90556, 90557, 90578, 90581, 90621, 90643, 90645])],
       [41727, list([55003, 55606, 55636, 106176, 106177])],
       [41737, list([99894, 100716, 100719, 101215, 101216])],
       [41768,
        list([69108, 69125, 69129, 69225, 69227, 69231, 69233, 69237, 73985, 73986])],
       [41785,
        list([111878, 111879, 111894, 111895, 111949, 111950, 111951, 111958, 111959, 111960])],
       [41817, list([110211, 110213, 110215, 110216])],
       [41839, list([107166, 107222, 107223, 107225])],
       [41866, list([63192, 63199, 63200, 63218, 63220])],
       [41926, list([107127, 107128, 107129])],
       [42141, list([112236, 112237, 112242])],
       [42155, list([96185])],
       [42165, list([63192, 63199, 63200, 63218, 63220])],
       [42170,
        list([109146, 109155, 109156, 109163, 109165, 109166, 109179])],
       [42189, list([78787, 78805, 78806, 78816])],
       [42205, list([84256])],
       [42268, list([111948, 111951, 111952, 111953])],
       [42275, list([105008, 105020, 105021, 105028])],
       [42290, list([343, 344, 345, 346, 355])],
       [42322,
        list([54978, 54979, 55003, 55004, 55005, 106175, 106176, 106177])],
       [42384, list([343, 344, 345, 346, 355])],
       [42399, list([177, 277, 278, 311, 314, 375])],
       [42408,
        list([14990, 15002, 15012, 15014, 15016, 15019, 15028, 15041, 65393, 65395])],
       [42557, list([343, 344, 345, 346, 355])],
       [42672, list([112362, 112363])],
       [42734,
        list([10991, 10992, 10993, 11007, 11162, 11164, 11165, 77298, 77316])],
       [42750, list([93990, 93992, 93995, 94010, 94011])],
       [42799, list([56378, 56380])],
       [42816,
        list([73022, 73024, 73041, 73042, 73043, 73093, 73095, 73100, 73101])],
       [42871,
        list([106285, 106307, 106308, 106318, 106320, 106329, 106331])],
       [42872, list([83336, 83360, 83362, 83415, 83419, 83423, 83424])],
       [42878, list([17049, 17050, 17082, 17083])],
       [42913,
        list([91322, 91323, 91332, 91333, 91440, 91441, 91503, 91551, 91553])],
       [42951, list([108879])],
       [43126,
        list([76793, 76795, 77010, 77011, 77012, 77013, 77015, 77017, 77019])],
       [43189,
        list([101540, 101578, 101579, 101595, 101596, 101640, 101641, 101683])],
       [43268, list([88152, 88169, 88170, 88171])],
       [43375, list([51369, 51385, 51387, 87770, 87771, 87781, 94594])],
       [43393, list([327, 366, 367, 368, 369, 370, 371, 372, 373])],
       [43437, list([109276, 109654])],
       [43501, list([108188, 108204, 108212, 108213])],
       [43508, list([111948, 111951, 111952, 111953])],
       [43515,
        list([1475, 1476, 71777, 71778, 71801, 71802, 71843, 71845])],
       [43568, list([106480, 106485, 106486, 106497])],
       [43591, list([112236, 112237])],
       [43606,
        list([54978, 54979, 55003, 55004, 55005, 106175, 106176, 106177])],
       [43670,
        list([111951, 111952, 111954, 111957, 111960, 111961, 111964, 111965, 111969])],
       [43692,
        list([111951, 111952, 111954, 111957, 111960, 111961, 111964, 111965, 111969])],
       [43698, list([93990, 93992, 93995, 94010, 94011])],
       [43725, list([63192, 63199, 63200, 63218, 63220])],
       [43731,
        list([70934, 72029, 72063, 72064, 72065, 72096, 72097, 72188, 107144, 107145])],
       [43837, list([63192, 63199, 63200, 63218, 63220])],
       [43841, list([63192, 63199, 63200, 63218, 63220])],
       [43852, list([99603, 99619, 99620, 99621, 99631])],
       [43885, list([355, 375, 376, 377])],
       [43890, list([106259, 110124])],
       [43915, list([63192, 63199, 63200, 63218, 63220])],
       [43927, list([343, 344, 345, 346, 355])],
       [43965, list([112236, 112237, 112242])],
       [43982, list([7014, 7015, 7031, 7032, 7039, 7041, 7043, 7044])],
       [43986, list([105563, 105565, 105584, 105585, 105645])],
       [43992,
        list([75070, 75082, 75084, 107990, 107991, 107993, 107994, 107995, 107996, 107998])],
       [44004, list([112236, 112237])],
       [44018,
        list([91322, 91323, 91332, 91333, 91440, 91441, 91503, 91551, 91553])],
       [44075, list([83112])],
       [44137, list([94936, 94937])],
       [44177, list([90742, 90744])],
       [44200, list([63192, 63199, 63200, 63218, 63220])],
       [44229, list([63192, 63199, 63200, 63218, 63220])],
       [44232, list([63192, 63199, 63200, 63218, 63220])],
       [44262, list([93990, 93992, 93995, 94010, 94011])],
       [44286,
        list([39489, 39490, 39491, 39494, 39549, 89253, 89254, 89269, 89270])],
       [44296,
        list([105300, 105302, 105303, 105304, 105305, 105309, 105310])],
       [44317, list([93990, 93992, 93995, 94010, 94011])],
       [44336, list([83153, 83154, 83168])],
       [44437, list([69, 222])],
       [44469,
        list([109925, 109926, 109939, 110650, 110653, 110655, 112076])],
       [44511, list([112236, 112237])],
       [44515, list([343, 344, 345, 346, 355])],
       [44534,
        list([9629, 9630, 11496, 11497, 76818, 77547, 77548, 77549, 77550])],
       [44585, list([373])],
       [44609, list([63192, 63199, 63200, 63218, 63220])],
       [44632, list([111591, 111592, 111639])],
       [44639, list([112236, 112237])],
       [44715, list([373])],
       [44770, list([373])],
       [44784, list([111976, 111980, 111983, 111984])],
       [44820,
        list([94594, 94618, 101306, 101316, 101317, 101324, 101356, 101357])],
       [44849,
        list([108158, 108159, 108165, 108276, 108280, 108304, 108305, 108306, 111712, 111714])],
       [44879, list([321, 322, 327])],
       [44885, list([63192, 63199, 63200, 63218, 63220])],
       [44955, list([93990, 93992, 93995, 94010, 94011])],
       [44993, list([104153])],
       [45023, list([66861, 66866, 66877, 66878])],
       [45036, list([98751, 98752, 98792])],
       [45049, list([9154, 9155, 9157, 9174, 9175, 9185])],
       [45137, list([64516, 64577, 64579])],
       [45154, list([108331, 108333, 108334, 108337])],
       [45204, list([83875, 86468, 86474])],
       [45209, list([111976, 111980, 111983, 111984])],
       [45211,
        list([111683, 111725, 111729, 111847, 111861, 111880, 111881, 111882])],
       [45262, list([112236, 112237])],
       [45412, list([107514, 107515, 111755, 111756])],
       [45463, list([9568, 10735, 10758, 10759, 63174])],
       [45464,
        list([83618, 83632, 83633, 83673, 83676, 83685, 83687, 83694, 83708, 83712])],
       [45526, list([93990, 93992, 93995, 94010, 94011])],
       [45545, list([63192, 63199, 63200, 63218, 63220])],
       [45574,
        list([17719, 17720, 17750, 17773, 17774, 17812, 17814, 80840, 80841, 80842])],
       [45579, list([112236, 112237])],
       [45607, list([355, 375, 376, 377])],
       [45627, list([103757])],
       [45651,
        list([109591, 109592, 109595, 109597, 109598, 109603, 109604, 111993, 111994])],
       [45816, list([112236, 112237])],
       [45901, list([286, 287, 301, 307, 310, 328, 343])],
       [45934, list([368, 369, 370, 371, 372, 373])],
       [45968,
        list([111951, 111952, 111954, 111957, 111960, 111961, 111964, 111965, 111969])],
       [45973, list([346, 355])],
       [46048, list([112031, 112032])],
       [46078, list([88284, 88378, 88384])],
       [46099, list([343, 344, 345, 346, 355])],
       [46106,
        list([101908, 101909, 101913, 101914, 101920, 101950, 101951, 101956, 101961, 101962])],
       [46113, list([105563, 105565, 105584, 105585, 105645])],
       [46148,
        list([111683, 111725, 111729, 111847, 111861, 111880, 111881, 111882])],
       [46184, list([63192, 63199, 63200, 63218, 63220])],
       [46197,
        list([107069, 107070, 107072, 107073, 107077, 107081, 107088, 107089])],
       [46204, list([55003, 55606, 55636, 106176, 106177])],
       [46286, list([112236, 112237])],
       [46289, list([355, 373, 374, 375, 376, 377])],
       [46312, list([112236, 112237, 112242])],
       [46393, list([98622])],
       [46444,
        list([100869, 100899, 100902, 100909, 101085, 101086, 101090, 101091, 101112])],
       [46522, list([343, 344, 345, 346, 355])],
       [46670, list([24376, 24377, 24407, 24596, 24597])],
       [46673, list([93990, 93992, 93995, 94010, 94011])],
       [46688,
        list([54978, 54979, 55003, 55004, 55005, 106175, 106176, 106177])],
       [46691, list([355, 373, 374, 375, 376, 377])],
       [46715,
        list([111951, 111952, 111954, 111957, 111960, 111961, 111964, 111965, 111969])],
       [46723, list([112236, 112237, 112242])],
       [46743,
        list([110392, 110411, 110412, 110417, 110421, 110444, 110445, 110469, 110486])],
       [46830, list([2530, 2558, 2559])],
       [46873, list([286, 287, 301, 307, 310, 328, 343])],
       [46887, list([53643, 53662, 53664, 53677, 53678])],
       [46902, list([63192, 63199, 63200, 63218, 63220])],
       [46914,
        list([82715, 82717, 84327, 84328, 84329, 84335, 84337, 84362])],
       [46938, list([93990, 93992, 93995, 94010, 94011])],
       [46982, list([109276, 109654])],
       [46990, list([112236, 112237])],
       [46996, list([355, 375, 376, 377])],
       [47004, list([355, 373, 374, 375, 376, 377])],
       [47016, list([343, 344, 345, 346, 355])],
       [47027,
        list([108017, 108018, 108019, 108028, 108029, 108030, 109052, 109053, 109091])],
       [47041, list([111463, 111471, 111472, 112276, 112277, 112278])],
       [47048, list([1845, 1880])],
       [47150, list([78587, 78603])],
       [47158, list([70984, 70985, 71207, 71250, 71253, 71378, 71389])],
       [47183, list([355, 375, 376, 377])],
       [47187,
        list([105172, 105179, 105180, 105181, 105186, 105188, 105190, 105193, 105194])],
       [47199, list([355, 375, 376, 377])],
       [47235, list([93990, 93992, 93995, 94010, 94011])],
       [47247, list([357, 358, 359, 360, 361, 362, 363, 368])],
       [47262, list([112236, 112237])],
       [47295, list([101, 238, 320, 321, 322, 327])],
       [47306,
        list([14389, 14390, 14391, 14399, 14400, 14401, 14432, 14433, 64524])],
       [47320, list([63192, 63199, 63200, 63218, 63220])],
       [47327, list([11823, 11865, 11866, 77732, 77733])],
       [47381, list([105536, 105781, 109317, 109318, 109319])],
       [47412,
        list([109261, 109262, 109263, 109264, 109265, 109268, 109269, 109270, 109272])],
       [47556, list([50089, 50091, 50109])],
       [47574, list([63192, 63199, 63200, 63218, 63220])],
       [47579, list([111929, 111931, 112020, 112021, 112024])],
       [47609,
        list([22112, 22113, 22119, 22200, 22204, 22205, 63109, 63117, 63118, 63136])],
       [47617, list([63192, 63199, 63200, 63218, 63220])],
       [47699,
        list([111951, 111952, 111954, 111957, 111960, 111961, 111964, 111965, 111969])],
       [47726, list([110488, 110489, 110490, 110501, 110502])],
       [47778, list([108678, 108683, 108684, 108685])],
       [47815, list([355, 373, 374, 375, 376, 377])],
       [47843, list([63192, 63199, 63200, 63218, 63220])],
       [47862, list([107525, 107526])],
       [47932, list([111821, 111829, 111830])],
       [47958, list([109782, 109783, 109789, 109790])],
       [47984, list([89693, 89694, 89993, 89995, 89997])],
       [48032, list([112236, 112237, 112242])],
       [48051,
        list([111878, 111879, 111894, 111895, 111949, 111950, 111951, 111958, 111959, 111960])],
       [48060, list([82414])],
       [48089, list([112236, 112237, 112242])],
       [48091, list([109324, 109329, 109332, 109333])],
       [48162, list([346, 355])],
       [48172, list([110059, 110060, 110063, 110064])],
       [48229, list([93990, 93992, 93995, 94010, 94011])],
       [48247,
        list([112241, 112242, 112243, 112244, 112246, 112299, 112300, 112308, 112309])],
       [48261, list([63192, 63199, 63200, 63218, 63220])],
       [48284, list([355, 373, 374, 375, 376, 377])],
       [48290, list([355, 373, 374, 375, 376, 377])],
       [48394, list([56378, 56380])],
       [48398, list([85423, 85428, 85430, 85455, 85456])],
       [48425, list([94913, 107173, 107178, 107179, 107180, 107186])],
       [48449, list([65268, 65269, 65276, 65290, 65291, 65895])],
       [48510, list([89366, 89368])],
       [48647,
        list([109244, 109245, 109246, 109256, 109257, 109258, 109259, 109260, 109296])],
       [48665, list([8614, 8615, 76317, 76318, 76325, 76326, 76336])],
       [48677, list([112236, 112237, 112242])],
       [48684, list([286, 287, 301, 307, 310, 328, 343])],
       [48691, list([346, 355])],
       [48710, list([103125, 103132, 103133, 103206, 103222])],
       [48739,
        list([70755, 70757, 70768, 70789, 70791, 73715, 73717, 73722])],
       [48741, list([111861, 111869])],
       [48812, list([56378, 56380])],
       [48870, list([56378, 56380])],
       [48935, list([70116, 70138, 70140, 70174, 70195])],
       [48963, list([112236, 112237])],
       [49003, list([62676, 62677, 62679, 62683, 62685, 62686])],
       [49018, list([55064, 55065])],
       [49050, list([343, 344, 345, 346, 355])],
       [49070, list([66817, 66818, 66843])],
       [49086,
        list([108017, 108018, 108019, 108028, 108029, 108030, 109052, 109053, 109091])],
       [49089, list([104087, 104088, 110893, 110894, 110943])],
       [49107, list([110501, 110502, 110536])],
       [49132, list([111948, 111951, 111952, 111953])],
       [49178, list([63192, 63199, 63200, 63218, 63220])],
       [49194,
        list([83978, 83980, 83995, 84095, 84096, 84112, 84114, 84120, 84121])],
       [49228, list([107190, 107191, 108071])],
       [49256, list([111707, 111708, 111727])],
       [49277,
        list([9543, 9551, 9573, 9583, 9592, 9593, 9610, 76778, 76799])],
       [49291, list([105563, 105565, 105584, 105585, 105645])],
       [49324,
        list([112032, 112059, 112060, 112061, 112066, 112070, 112071])],
       [49341, list([357, 358, 359, 360, 361])],
       [49384, list([93990, 93992, 93995, 94010, 94011])],
       [49434, list([111870])],
       [49455,
        list([67397, 67399, 67419, 67421, 67458, 67459, 67500, 67507])],
       [49461, list([93990, 93992, 93995, 94010, 94011])],
       [49516, list([28398])],
       [49553, list([108539, 108540])],
       [49558, list([373])],
       [49590, list([112236, 112237])],
       [49624, list([283, 340, 341, 342, 343])],
       [49634, list([112236, 112237])],
       [49711, list([84031, 84033, 84069, 92694, 107782, 107783])],
       [49719,
        list([108547, 108549, 108576, 108577, 108578, 111828, 111829])],
       [49763, list([110858, 110859])],
       [49768,
        list([111683, 111725, 111729, 111847, 111861, 111880, 111881, 111882])],
       [49785,
        list([109558, 109619, 109620, 109623, 109628, 109629, 109632, 109639, 109641, 109649])],
       [49798, list([105563, 105565, 105584, 105585, 105645])],
       [49813, list([110145, 110146, 110153, 110154])],
       [49838, list([56378, 56380])],
       [49886,
        list([104992, 104993, 104996, 104999, 105000, 105008, 105009, 105010])],
       [49902, list([112236, 112237, 112242])],
       [49915, list([109963, 109985])],
       [49916, list([112236, 112237, 112242])],
       [49932,
        list([108001, 108002, 108003, 108004, 108005, 108006, 108007])]],
      dtype=object)